00
00
00
00
00
00
00
00
00
00
00
00
00
00
00
00
00
00
00
00
00
00
02
4A
90
82
AA
DA
00
AF
BA
13
18
43
18
00
00
24
78
52
30
44
0C
00
00
00
28
FB
28
48
70
00
78
BA
70
9D
00
00
1F
00
10
3C
FF
01
00
03
F0
00
00
80
00
FE
FE
FE
FE
FE
05
06
00
00
00
00
00
00
00
04
03
00
10
14
00
F0
04
20
E1
30
05
01
20
F2
20
88
18
41
02
4F
32
20
FF
40
04
26
08
36
28
20
F0
F0
00
75
16
AF
00
40
07
8A
12
49
11
01
00
0A
24
B0
B0
02
30
18
00
23
30
F0
77
00
00
00
00
04
21
AF
21
02
7A
0E
0E
04
05
0F
96
49
F7
00
04
02
02
20
70
45
00
01
04
04
21
0C
13
17
04
04
15
0C
13
0B
04
04
09
0C
13
DB
00
00
01
81
18
01
C1
DB
C0
01
91
C3
70
70
2D
0D
92
00
01
04
21
21
01
01
00
A1
02
08
20
02
AF
00
D4
1A
90
40
20
F4
C0
20
00
D4
30
20
20
A7
F4
D4
18
90
40
28
01
20
00
00
02
F0
FB
70
7B
11
28
20
4F
70
70
00
4A
08
00
CD
00
05
CD
11
FF
0F
00
FF
00
70
42
00
41
00
40
00
3F
3C
08
0A
19
03
10
08
34
78
D4
38
0A
73
2F
78
C8
34
0A
67
2A
78
BC
2F
0A
5B
22
00
00
20
78
00
1D
40
00
20
78
00
18
10
00
00
1C
BD
56
33
10
00
01
00
0B
F8
00
09
20
20
EE
00
2C
F3
00
00
00
00
00
00
00
00
00
00
00
00
00
AE
69
20
85
20
D2
20
00
00
00
00
07
AC
AC
AC
AC
8D
70
05
08
00
44
00
AC
20
F8
0A
18
03
05
01
41
1C
70
69
08
70
F0
0C
20
40
C8
02
00
E0
82
FF
02
20
C2
00
B1
0F
06
E0
00
60
20
60
00
A0
00
00
E1
0A
A0
90
E0
41
06
E0
22
00
20
60
79
04
A0
10
08
00
20
E0
00
E7
E0
40
80
E0
C7
20
E0
00
40
02
80
20
E0
6F
C1
61
88
08
04
28
5C
E0
03
C4
54
E1
E1
80
C4
30
BD
01
00
0A
41
06
0A
80
06
E1
81
0B
01
03
5B
03
9F
E2
00
E5
C4
00
00
22
28
16
48
47
E5
C0
E0
10
E0
08
A0
49
65
50
30
70
A5
65
B2
09
00
B2
08
00
06
6F
B5
01
01
41
70
C1
70
F0
07
10
6E
61
0A
02
3C
01
05
04
08
02
01
06
09
01
0A
45
44
EF
04
01
44
38
00
41
00
71
00
F1
20
30
00
0C
40
30
BD
00
2D
0D
10
C1
41
20
F7
0E
00
07
20
01
54
38
40
29
BD
8D
D6
00
F0
4F
4F
C5
04
07
00
30
0C
02
BD
28
40
39
20
16
20
20
EE
04
00
BD
FF
10
A4
10
9A
00
13
96
22
0C
0C
20
F7
28
0C
0C
04
28
04
70
20
11
18
01
00
70
00
70
00
70
70
04
00
AF
00
38
00
00
01
01
D3
AF
05
0C
00
A8
0D
69
AF
07
00
00
18
C4
C8
07
20
46
00
B4
F8
31
BD
00
70
FF
05
0B
07
9C
70
6A
10
10
08
3C
58
51
41
09
58
10
13
00
21
FF
00
70
F0
16
47
80
38
5B
3E
02
25
20
25
1D
00
E1
41
E1
20
58
BD
C9
62
91
11
11
89
00
05
01
EA
60
81
91
03
00
10
00
13
81
0B
03
06
AC
AC
81
8C
84
05
27
20
0D
E6
81
00
C0
20
60
20
08
00
48
00
D7
21
41
C1
81
70
F0
14
4F
32
57
09
A1
18
11
C0
E5
32
38
22
20
B2
00
03
FF
40
F0
04
C0
88
08
21
E1
12
08
41
FF
10
FF
00
C4
E0
80
00
10
C0
20
A1
88
20
D0
20
40
E0
A0
E0
44
E0
E0
00
02
01
1C
00
01
00
01
00
47
45
52
72
3A
6E
6F
3A
00
18
FE
02
01
01
10
03
8C
18
3C
40
18
88
0C
20
00
52
08
FF
10
C2
03
07
0A
3E
01
10
48
0B
91
1B
49
10
FC
FA
10
05
0A
6D
18
28
F8
64
10
20
F8
70
00
10
10
10
78
69
00
AB
70
70
00
01
00
FF
01
09
00
47
45
4F
6F
65
6D
72
00
48
20
6F
63
75
64
70
00
56
00
1F
01
48
40
01
2B
40
08
02
48
40
02
24
40
08
04
48
40
04
1D
40
08
08
48
40
08
16
40
08
04
48
40
04
0F
40
08
02
48
40
02
00
08
00
08
00
00
02
01
70
00
00
12
7B
7B
52
1A
12
78
78
52
1A
12
75
75
52
1A
12
96
00
1A
12
6E
68
B2
07
65
6A
52
1A
12
FA
00
1A
12
63
5D
B2
07
5A
5F
52
1A
12
E1
00
1A
12
58
52
40
9A
00
1A
12
52
4C
1F
00
1A
12
02
47
47
1F
00
1A
12
02
42
42
1F
00
1A
12
02
3D
00
36
0F
34
C2
11
31
11
12
06
12
1F
02
2B
41
2A
0F
28
C2
41
03
12
02
12
05
12
1F
02
12
1E
0F
1C
C2
40
03
12
02
12
06
12
1F
02
12
40
40
02
02
0E
D0
00
00
00
00
00
00
00
00
00
00
00
00
00
00
00
01
70
00
02
70
62
00
6F
08
01
02
03
70
FC
FA
FF
01
00
20
04
06
00
00
00
00
01
00
20
04
06
01
01
01
00
00
04
14
FF
20
1A
20
66
48
F3
20
5E
48
EB
20
56
48
E3
FF
4F
DD
54
00
54
54
54
52
6F
10
01
02
05
FF
4F
FB
FF
4F
F5
F0
0C
98
00
20
06
11
4F
BD
05
01
00
6D
F7
F2
F0
FF
8A
01
B4
8A
C0
4B
70
00
00
A8
FE
37
37
44
90
40
90
C0
35
38
3B
34
9C
00
7A
F2
B0
00
48
E0
50
00
53
13
03
0A
4F
1D
00
AC
03
00
4F
90
10
29
1A
40
00
20
5E
00
22
00
07
01
C7
FF
00
FF
E3
72
2D
68
6F
72
00
00
43
44
30
0A
4D
77
20
72
6F
64
63
0A
4D
6E
64
63
0A
00
00
00
04
02
FF
E0
17
10
47
40
03
70
4F
40
02
F8
40
C0
00
40
01
00
4F
88
3A
49
53
55
53
52
31
35
39
44
30
31
35
39
64
30
00
00
00
00
00
00
00
00
00
62
62
00
00
00
00
00
00
00
00
00
00
00
00
00
00
00
00
00
